%YAML:1.0
---
my_histogram: !!opencv-matrix
   rows: 30
   cols: 32
   dt: f
   data: [ 3., 1., 5., 2., 3., 9., 7., 7., 13., 12., 13., 25., 30., 28.,
       25., 15., 13., 26., 27., 29., 9., 6., 9., 5., 0., 0., 0., 0., 0.,
       0., 0., 0., 0., 1., 6., 6., 13., 14., 17., 13., 12., 29., 51.,
       81., 135., 166., 112., 52., 29., 27., 19., 12., 20., 15., 15., 7.,
       1., 0., 0., 0., 0., 0., 0., 0., 0., 3., 7., 10., 11., 15., 22.,
       23., 32., 32., 15., 12., 27., 34., 57., 34., 25., 12., 7., 5., 4.,
       5., 5., 1., 0., 0., 0., 0., 0., 0., 0., 0., 0., 0., 7., 16., 19.,
       30., 30., 32., 21., 23., 16., 21., 15., 10., 11., 11., 8., 5.,
       22., 47., 17., 0., 0., 0., 0., 0., 0., 0., 0., 0., 0., 0., 0., 1.,
       8., 17., 15., 48., 33., 20., 19., 5., 10., 9., 3., 3., 7., 4., 4.,
       1., 0., 0., 0., 0., 0., 0., 0., 0., 0., 0., 0., 0., 0., 0., 3.,
       4., 31., 42., 33., 30., 18., 12., 8., 9., 8., 6., 6., 6., 8., 7.,
       5., 1., 2., 0., 0., 0., 0., 0., 0., 0., 0., 0., 0., 0., 0., 0.,
       0., 0., 27., 32., 21., 17., 12., 8., 5., 6., 7., 5., 8., 11., 24.,
       43., 36., 5., 1., 0., 0., 0., 0., 0., 0., 0., 0., 0., 0., 0., 0.,
       0., 0., 2., 32., 25., 23., 10., 10., 7., 6., 2., 4., 10., 10., 6.,
       5., 8., 7., 1., 0., 0., 0., 0., 0., 0., 0., 0., 0., 0., 0., 0.,
       0., 0., 0., 2., 23., 16., 11., 6., 9., 2., 0., 0., 1., 2., 0., 0.,
       0., 0., 0., 0., 0., 0., 0., 0., 0., 0., 0., 0., 0., 0., 0., 0.,
       0., 0., 0., 0., 16., 5., 5., 2., 1., 1., 0., 0., 0., 0., 0., 0.,
       0., 0., 0., 0., 0., 0., 0., 0., 0., 0., 0., 0., 0., 0., 0., 0.,
       0., 0., 3., 1., 12., 9., 6., 1., 1., 0., 0., 0., 0., 0., 0., 0.,
       0., 0., 0., 0., 0., 0., 0., 0., 0., 0., 0., 0., 0., 0., 0., 0.,
       0., 0., 0., 1., 4., 6., 4., 3., 0., 2., 0., 0., 0., 0., 0., 0.,
       0., 0., 0., 0., 0., 0., 0., 0., 0., 0., 0., 0., 0., 0., 0., 0.,
       0., 0., 0., 1., 2., 0., 4., 8., 2., 0., 0., 0., 0., 0., 0., 0.,
       0., 0., 0., 0., 0., 0., 0., 0., 0., 0., 0., 0., 0., 0., 0., 0.,
       0., 0., 0., 0., 0., 0., 3., 1., 2., 1., 0., 0., 0., 0., 0., 0.,
       0., 0., 0., 0., 0., 0., 0., 0., 0., 0., 0., 0., 0., 0., 0., 0.,
       0., 0., 0., 0., 1., 0., 1., 1., 1., 0., 2., 1., 0., 1., 1., 1.,
       1., 0., 0., 0., 0., 0., 0., 0., 0., 0., 0., 0., 0., 0., 0., 0.,
       0., 0., 1., 0., 2., 0., 1., 1., 4., 1., 2., 0., 3., 4., 3., 1.,
       4., 3., 0., 0., 0., 0., 0., 0., 0., 0., 0., 0., 0., 0., 0., 0.,
       0., 0., 0., 0., 1., 0., 0., 1., 0., 0., 0., 1., 2., 2., 1., 0.,
       0., 0., 0., 0., 0., 0., 0., 0., 0., 0., 0., 0., 0., 0., 0., 0.,
       0., 0., 0., 1., 0., 0., 1., 1., 2., 3., 2., 1., 0., 0., 0., 0.,
       1., 0., 0., 0., 0., 0., 0., 0., 0., 0., 0., 0., 0., 0., 0., 0.,
       0., 0., 0., 0., 0., 0., 0., 1., 2., 2., 0., 1., 0., 0., 0., 0.,
       0., 1., 0., 0., 0., 0., 0., 0., 0., 0., 0., 0., 0., 0., 0., 0.,
       0., 0., 0., 0., 0., 1., 0., 1., 0., 2., 2., 0., 0., 0., 0., 0.,
       0., 0., 0., 0., 0., 0., 0., 0., 0., 0., 0., 0., 0., 0., 0., 0.,
       0., 0., 0., 0., 2., 0., 0., 1., 0., 0., 0., 0., 0., 0., 0., 0.,
       0., 0., 0., 0., 0., 0., 0., 0., 0., 0., 0., 0., 0., 0., 0., 0.,
       0., 0., 0., 1., 0., 1., 0., 0., 0., 0., 0., 0., 0., 0., 0., 0.,
       0., 0., 0., 0., 0., 0., 0., 0., 0., 0., 0., 0., 0., 0., 0., 0.,
       0., 0., 0., 2., 1., 1., 0., 0., 0., 1., 0., 0., 0., 0., 0., 0.,
       0., 0., 0., 0., 0., 0., 0., 0., 0., 0., 0., 0., 0., 0., 0., 0.,
       0., 0., 0., 0., 0., 1., 0., 0., 0., 0., 0., 0., 0., 0., 0., 0.,
       0., 0., 0., 0., 0., 0., 0., 0., 0., 0., 0., 0., 0., 0., 0., 0.,
       0., 0., 0., 0., 0., 0., 0., 0., 0., 0., 0., 0., 0., 0., 0., 0.,
       0., 0., 0., 0., 0., 0., 0., 0., 0., 0., 0., 0., 0., 0., 0., 0.,
       0., 0., 0., 0., 0., 0., 0., 0., 0., 0., 1., 0., 0., 0., 0., 0.,
       0., 0., 0., 0., 0., 0., 0., 0., 0., 0., 0., 0., 0., 0., 0., 0.,
       0., 0., 0., 0., 1., 0., 0., 1., 0., 0., 1., 0., 0., 0., 0., 0.,
       0., 0., 0., 0., 0., 0., 0., 0., 0., 0., 0., 0., 0., 0., 0., 0.,
       0., 0., 0., 0., 0., 2., 0., 1., 1., 0., 0., 0., 1., 0., 0., 0.,
       0., 0., 0., 0., 0., 0., 0., 0., 0., 0., 0., 0., 0., 0., 0., 0.,
       0., 0., 0., 1., 2., 5., 0., 1., 2., 2., 1., 2., 1., 2., 0., 0.,
       0., 1., 2., 0., 0., 0., 0., 0., 0., 0., 0., 0., 0., 0., 0., 0.,
       0., 0., 0., 0., 0., 3., 0., 3., 1., 2., 3., 5., 4., 7., 6., 7.,
       13., 9., 77., 112., 80., 64., 90., 20., 1., 0., 0., 0., 0., 0.,
       0., 0., 0., 0. ]
