%YAML:1.0
---
my_histogram: !!opencv-matrix
   rows: 30
   cols: 32
   dt: f
   data: [ 41., 6., 1., 1., 0., 2., 1., 6., 10., 4., 6., 11., 21., 29.,
       51., 51., 16., 23., 28., 15., 5., 3., 1., 0., 0., 0., 0., 0., 0.,
       0., 0., 0., 0., 1., 3., 2., 5., 4., 7., 7., 14., 15., 19., 85.,
       144., 166., 182., 84., 31., 27., 20., 13., 11., 5., 1., 0., 0.,
       0., 0., 0., 0., 0., 0., 0., 0., 0., 4., 6., 8., 9., 11., 9., 15.,
       18., 24., 31., 39., 47., 61., 39., 26., 23., 20., 13., 9., 4., 1.,
       0., 0., 0., 0., 0., 0., 0., 0., 0., 0., 2., 2., 8., 14., 13., 21.,
       41., 27., 18., 23., 15., 12., 10., 13., 13., 23., 28., 40., 17.,
       15., 7., 0., 0., 0., 0., 0., 0., 0., 0., 0., 0., 2., 2., 7., 12.,
       19., 31., 39., 30., 20., 17., 9., 20., 15., 38., 17., 9., 9., 8.,
       3., 2., 0., 0., 0., 0., 0., 0., 0., 0., 0., 0., 0., 0., 16., 5.,
       22., 44., 68., 28., 32., 19., 18., 14., 11., 16., 23., 44., 28.,
       16., 4., 2., 0., 1., 0., 0., 0., 0., 0., 0., 0., 0., 0., 0., 0.,
       0., 2., 3., 20., 61., 47., 20., 9., 12., 10., 13., 17., 17., 30.,
       42., 94., 65., 5., 1., 0., 0., 0., 0., 0., 0., 0., 0., 0., 0., 0.,
       0., 0., 0., 1., 11., 34., 62., 50., 25., 13., 8., 9., 14., 5.,
       13., 22., 31., 41., 22., 0., 0., 0., 0., 0., 0., 0., 0., 0., 0.,
       0., 0., 0., 0., 0., 0., 0., 4., 31., 38., 24., 10., 9., 5., 1.,
       2., 0., 0., 1., 0., 0., 0., 0., 0., 0., 0., 0., 0., 0., 0., 0.,
       0., 0., 0., 0., 0., 0., 0., 0., 0., 3., 12., 12., 5., 3., 1., 1.,
       1., 0., 0., 1., 0., 0., 0., 0., 0., 0., 0., 0., 0., 0., 0., 0.,
       0., 0., 0., 0., 0., 0., 0., 4., 12., 11., 16., 14., 3., 3., 0.,
       0., 0., 0., 0., 0., 0., 0., 0., 0., 0., 0., 0., 0., 0., 0., 0.,
       0., 0., 0., 0., 0., 0., 0., 0., 0., 1., 12., 9., 6., 4., 3., 1.,
       0., 1., 0., 0., 0., 0., 0., 0., 0., 0., 0., 0., 0., 0., 0., 0.,
       0., 0., 0., 0., 0., 0., 0., 0., 0., 6., 6., 8., 2., 9., 1., 2.,
       2., 0., 0., 1., 0., 0., 0., 0., 0., 0., 0., 0., 0., 0., 0., 0.,
       0., 0., 0., 0., 0., 0., 0., 0., 0., 2., 9., 3., 10., 10., 9., 1.,
       0., 0., 3., 0., 0., 0., 0., 0., 0., 0., 0., 0., 0., 0., 0., 0.,
       0., 0., 0., 0., 0., 0., 0., 0., 0., 0., 3., 1., 7., 0., 6., 0.,
       7., 4., 4., 7., 2., 2., 3., 1., 0., 0., 0., 0., 0., 0., 0., 0.,
       0., 0., 0., 0., 0., 0., 0., 0., 1., 3., 4., 4., 2., 5., 1., 3.,
       4., 6., 2., 2., 8., 10., 13., 19., 21., 17., 3., 0., 0., 0., 0.,
       0., 0., 0., 0., 0., 0., 0., 0., 0., 0., 0., 4., 3., 1., 2., 1.,
       3., 2., 3., 1., 2., 5., 4., 3., 1., 0., 0., 0., 0., 0., 0., 0.,
       0., 0., 0., 0., 0., 0., 0., 0., 0., 0., 1., 0., 2., 0., 0., 2.,
       1., 0., 0., 1., 0., 0., 0., 0., 0., 0., 0., 0., 0., 0., 0., 0.,
       0., 0., 0., 0., 0., 0., 0., 0., 0., 0., 1., 2., 3., 1., 1., 0.,
       0., 0., 0., 0., 0., 0., 0., 0., 0., 0., 0., 0., 0., 0., 0., 0.,
       0., 0., 0., 0., 0., 0., 0., 0., 0., 0., 0., 0., 0., 0., 0., 0.,
       0., 0., 0., 0., 0., 0., 0., 0., 0., 0., 0., 0., 0., 0., 0., 0.,
       0., 0., 0., 0., 0., 0., 0., 0., 0., 2., 0., 1., 0., 0., 1., 0.,
       0., 0., 0., 0., 0., 0., 0., 0., 0., 0., 0., 0., 0., 0., 0., 0.,
       0., 0., 0., 0., 0., 0., 0., 0., 0., 0., 0., 0., 1., 0., 0., 0.,
       0., 0., 0., 0., 0., 0., 0., 0., 0., 0., 0., 0., 0., 0., 0., 0.,
       0., 0., 0., 0., 0., 0., 0., 0., 0., 0., 2., 0., 0., 0., 1., 0.,
       0., 0., 0., 0., 0., 0., 0., 0., 0., 0., 0., 0., 0., 0., 0., 0.,
       0., 0., 0., 0., 0., 0., 0., 0., 0., 0., 0., 0., 0., 0., 0., 0.,
       0., 0., 0., 0., 0., 0., 0., 0., 0., 0., 0., 0., 0., 0., 0., 0.,
       0., 0., 0., 0., 0., 0., 0., 0., 0., 0., 0., 0., 0., 0., 0., 0.,
       0., 0., 0., 0., 0., 0., 0., 0., 0., 0., 0., 0., 0., 0., 0., 0.,
       0., 0., 0., 0., 0., 0., 0., 0., 0., 0., 2., 0., 0., 0., 0., 0.,
       0., 0., 0., 0., 0., 0., 0., 0., 0., 0., 0., 0., 0., 0., 0., 0.,
       0., 0., 0., 0., 0., 0., 0., 0., 0., 0., 0., 1., 0., 0., 0., 1.,
       1., 1., 0., 0., 0., 0., 0., 0., 0., 0., 0., 0., 0., 0., 0., 0.,
       0., 0., 0., 0., 0., 0., 0., 0., 0., 0., 1., 0., 0., 0., 1., 0.,
       0., 0., 0., 0., 0., 0., 0., 0., 1., 0., 0., 0., 0., 0., 0., 0.,
       0., 0., 0., 0., 0., 0., 0., 0., 0., 0., 0., 1., 1., 1., 0., 0.,
       0., 0., 1., 2., 2., 1., 2., 0., 0., 0., 0., 0., 0., 0., 0., 0.,
       0., 0., 0., 0., 0., 0., 0., 0., 0., 0., 0., 0., 1., 0., 0., 0.,
       1., 0., 3., 2., 3., 3., 6., 4., 14., 14., 16., 29., 73., 65., 11.,
       0., 0., 0., 0., 0., 0., 0., 0., 0., 0. ]
